LLWearable version 22
[OA] Transparent Hair

	permissions 0
	{
		base_mask	0008e000
		owner_mask	0008e000
		group_mask	00000000
		everyone_mask	00000000
		next_owner_mask	0008e000
		creator_id	0e524ca5-4f23-49e9-806a-52fefae5329d
		owner_id	b28ffce2-67db-4fcc-92f3-c64a02d674e8
		last_owner_id	0e524ca5-4f23-49e9-806a-52fefae5329d
		group_id	00000000-0000-0000-0000-000000000000
	}
	sale_info	0
	{
		sale_type	not
		sale_price	10
	}
type 2
parameters 90
16 .09
31 .2
112 0
113 0
114 .5
115 0
119 .5
130 .45
131 .5
132 .39
133 .25
134 .5
135 .55
136 .5
137 .5
140 0
141 0
142 0
143 .13
144 .1
145 0
146 0
147 0
148 .22
149 0
166 0
167 0
168 0
169 0
171 0
172 .5
173 0
174 0
175 .3
176 0
177 0
178 0
179 0
180 0
181 .14
182 .7
183 .05
184 0
190 0
191 0
192 0
400 .75
640 0
641 0
642 0
643 0
644 0
645 0
674 -.3
750 .7
751 0
752 .5
754 0
755 .05
757 -1.3
761 1.3
762 0
763 0
771 0
774 0
782 0
783 0
784 0
785 0
786 0
787 0
788 0
789 0
790 0
870 -.25
871 -.2
872 .1
1000 .5
1001 .5
1002 .7
1003 .7
1004 0
1005 0
1006 0
1007 0
1008 0
1009 0
1010 0
1011 0
1012 .25
textures 1
4 292cef27-7f9b-42b4-a84a-5102b061cb7b
