LLWearable version 22
[IC] Ghana Shape

	permissions 0
	{
		base_mask	7fffffff
		owner_mask	7fffffff
		group_mask	00000000
		everyone_mask	00000000
		next_owner_mask	00082000
		creator_id	0e524ca5-4f23-49e9-806a-52fefae5329d
		owner_id	0e524ca5-4f23-49e9-806a-52fefae5329d
		last_owner_id	0e524ca5-4f23-49e9-806a-52fefae5329d
		group_id	00000000-0000-0000-0000-000000000000
	}
	sale_info	0
	{
		sale_type	not
		sale_price	10
	}
type 0
parameters 82
1 0
2 -.14
4 0
5 0
6 0
7 -.05
8 0
10 0
11 0
12 0
13 0
14 0
15 0
17 -.43
18 0
19 -.32
20 0
21 0
22 0
23 0
24 -.45
25 0
27 0
33 -.15
34 0
35 .26
36 -.5
37 0
38 0
80 0
105 .5
155 .05
157 0
185 -.48
193 .5
196 -.26
505 .5
506 -.36
507 0
515 0
517 0
518 0
629 .5
637 0
646 0
647 0
649 .5
650 .33
652 .5
653 -.34
656 0
659 .5
662 .5
663 0
664 0
665 0
675 0
676 0
678 .5
682 .5
683 -.15
684 0
685 0
690 .48
692 0
693 .6
753 0
756 0
758 -.15
759 .57
760 0
764 1.2
765 0
769 .67
773 .5
795 .25
796 0
799 .5
841 0
842 0
879 0
880 -.47
textures 0
