LLWearable version 22
[ic] Jared Shape

	permissions 0
	{
		base_mask	7fffffff
		owner_mask	7fffffff
		group_mask	00000000
		everyone_mask	00000000
		next_owner_mask	00082000
		creator_id	0e524ca5-4f23-49e9-806a-52fefae5329d
		owner_id	0e524ca5-4f23-49e9-806a-52fefae5329d
		last_owner_id	0e524ca5-4f23-49e9-806a-52fefae5329d
		group_id	00000000-0000-0000-0000-000000000000
	}
	sale_info	0
	{
		sale_type	not
		sale_price	10
	}
type 0
parameters 82
1 0
2 0
4 0
5 0
6 0
7 -.16
8 0
10 0
11 0
12 .16
13 0
14 0
15 0
17 0
18 0
19 0
20 0
21 -.19
22 0
23 0
24 .25
25 0
27 0
33 1.31
34 0
35 0
36 -.3
37 -.56
38 .3
80 1
105 .5
155 .09
157 0
185 -.48
193 .45
196 -.47
505 .41
506 .4
507 0
515 0
517 0
518 -.3
629 .5
637 0
646 .31
647 .32
649 .5
650 -.02
652 .73
653 -.01
656 0
659 .5
662 .5
663 0
664 0
665 0
675 .02
676 0
678 .69
682 .51
683 -.15
684 0
685 -0
690 .52
692 0
693 .84
753 0
756 -.18
758 0
759 .5
760 0
764 0
765 -.16
769 .56
773 .5
795 .51
796 0
799 .49
841 .08
842 0
879 .95
880 -.75
textures 0
