LLWearable version 22
New Shape

	permissions 0
	{
		base_mask	00082000
		owner_mask	00082000
		group_mask	00000000
		everyone_mask	00000000
		next_owner_mask	00082000
		creator_id	0e524ca5-4f23-49e9-806a-52fefae5329d
		owner_id	1c04d25a-cb71-461b-bf8d-0199cd190112
		last_owner_id	0e524ca5-4f23-49e9-806a-52fefae5329d
		group_id	00000000-0000-0000-0000-000000000000
	}
	sale_info	0
	{
		sale_type	not
		sale_price	10
	}
type 0
parameters 142
1 0
2 -.14
4 0
5 0
6 0
7 -.05
8 0
10 0
11 0
12 0
13 0
14 0
15 0
17 -.43
18 0
19 -.32
20 0
21 0
22 0
23 0
24 -.45
25 0
26 0
27 0
28 0
29 .16
30 .16
32 0
33 -2.3
34 0
35 .26
36 -.5
37 0
38 0
40 0
80 0
100 0
104 0
105 .5
106 0
151 0
152 0
153 0
155 .05
156 0
157 0
185 -.48
186 0
187 0
188 0
189 0
193 .5
194 .32
195 .16
196 -.26
505 .5
506 -.36
507 0
515 0
517 0
518 0
626 0
627 0
629 .5
630 0
631 0
633 0
634 0
635 0
637 0
646 0
647 0
648 0
649 .5
650 .33
651 0
652 .5
653 -.34
655 -.08
656 0
657 0
658 0
659 .5
660 0
661 0
662 .5
663 0
664 0
665 0
675 0
676 0
677 0
678 .5
679 -.08
680 -.08
681 -.08
682 .5
683 -.15
684 0
685 0
686 -.08
687 -.01
688 -.01
689 -.04
690 .48
691 -.01
692 0
693 .6
694 -.08
695 -.01
753 0
756 0
758 -.15
759 .57
760 0
764 1.2
765 0
767 .68
768 .68
769 .67
770 0
772 0
773 .5
794 .17
795 .25
796 0
797 0
798 0
799 .5
841 0
842 0
843 0
853 0
854 0
855 0
879 0
880 -.47
1103 0
1104 0
1105 0
1200 0
1201 0
textures 0
